600 915 600 1104 4
297 576
72 247
137 340
24 497
7 213
124 200
382 545
303 499
135 449
100 505
33 418
88 115
139 434
232 377
106 115
299 485
268 530
131 279
374 439
368 460
91 293
52 117
491 592
392 563
402 581
65 554
12 105
163 538
11 537
276 357
418 479
208 537
400 418
177 226
373 560
150 493
311 412
244 345
346 437
113 364
68 477
114 385
430 440
79 428
75 449
266 321
83 313
331 377
36 462
358 442
348 524
260 570
75 135
52 87
172 388
133 483
461 481
48 577
156 233
278 537
443 521
12 31
245 557
14 156
32 38
421 505
242 553
268 444
479 481
69 187
483 487
100 536
167 272
437 546
49 352
218 585
193 598
161 360
225 267
86 534
80 544
339 506
135 169
190 208
182 263
344 488
116 390
37 339
284 523
229 435
4 21
248 457
133 541
23 68
213 586
214 417
120 149
240 260
341 549
279 363
72 524
316 376
458 532
391 462
216 238
214 525
143 584
221 280
240 287
438 493
136 397
46 95
79 97
134 296
75 312
272 311
63 517
180 495
239 526
2 26
45 258
328 469
492 537
220 441
247 524
435 436
439 457
209 498
127 151
177 243
259 397
266 300
167 311
83 571
144 578
412 503
31 84
62 216
510 583
252 435
257 444
313 499
21 508
389 412
100 241
213 507
464 503
229 531
24 132
19 363
50 406
361 500
198 337
17 114
285 371
31 380
97 299
180 483
307 569
158 373
90 573
258 385
424 429
432 597
101 549
309 503
29 245
72 324
119 513
184 246
274 558
181 338
31 310
18 165
11 593
62 461
231 477
212 535
66 469
251 561
139 158
36 583
64 180
49 249
142 563
118 188
437 451
306 576
152 479
549 590
411 500
81 338
199 486
283 314
301 490
76 363
351 398
243 322
408 540
328 591
160 359
126 257
65 534
359 362
439 559
135 477
499 543
263 385
24 352
157 538
110 528
228 517
141 164
286 547
136 302
384 508
82 448
227 487
99 570
359 465
187 565
47 276
2 442
12 409
465 539
9 19
218 235
110 128
206 513
125 186
424 452
324 466
112 262
32 358
531 575
78 315
135 240
215 410
384 459
99 197
265 380
137 586
94 358
177 322
404 498
198 434
375 509
186 336
128 524
229 367
115 336
193 235
292 515
40 248
378 445
71 519
133 199
70 324
536 585
123 472
375 585
323 490
98 433
394 502
114 245
360 426
37 282
370 450
202 293
92 93
67 169
436 463
102 568
282 339
53 101
428 514
193 375
515 517
55 318
510 535
66 150
194 328
417 464
44 266
236 300
19 423
127 288
14 29
114 557
121 379
191 565
1 414
358 467
495 567
157 183
5 421
182 462
149 402
264 561
83 476
285 373
73 330
44 321
26 115
258 552
58 456
551 558
419 420
112 434
202 561
70 247
139 410
148 237
17 258
168 362
45 516
261 532
351 489
166 264
25 363
14 326
215 554
1 466
290 358
387 522
3 334
461 568
99 164
287 526
48 144
167 277
66 163
323 374
372 440
270 372
299 595
271 509
169 260
192 263
87 166
225 508
111 179
3 384
37 211
487 579
285 453
460 490
315 480
313 571
38 542
303 528
364 479
241 501
235 445
58 97
237 320
250 485
74 472
100 409
164 197
417 525
51 411
207 280
325 435
130 558
374 457
18 454
103 550
307 470
32 422
210 227
46 170
276 583
451 546
546 572
161 379
146 243
379 426
523 525
200 360
49 433
38 120
41 303
21 518
56 369
268 400
117 166
312 526
499 528
272 434
89 370
265 379
382 453
287 312
127 173
18 234
28 405
91 588
146 189
165 205
269 455
152 322
317 405
251 368
310 361
149 542
393 475
159 365
253 366
147 148
271 474
578 599
78 522
165 234
230 461
292 440
297 443
303 313
173 223
155 438
140 250
295 468
257 429
105 409
232 532
17 45
117 541
254 377
222 561
191 376
547 571
343 593
207 359
180 486
53 269
118 305
323 441
269 349
269 356
165 537
157 550
153 501
18 537
68 599
106 192
61 319
8 104
177 407
101 143
233 469
92 355
480 496
248 519
115 192
194 557
100 421
396 397
173 194
11 474
46 518
130 504
445 505
323 366
327 587
113 418
67 521
262 373
342 587
70 543
180 432
18 208
89 407
124 401
263 354
478 498
107 204
458 554
442 566
278 353
176 260
51 435
94 282
143 349
114 462
237 533
48 578
246 520
88 122
334 353
221 254
299 428
348 400
118 133
124 294
342 594
54 587
267 518
496 522
148 525
30 364
312 433
16 177
512 518
180 567
274 317
147 431
159 554
276 391
49 449
1 587
228 593
287 511
319 471
280 301
156 326
252 514
394 516
335 411
125 172
265 426
456 471
196 576
480 523
231 521
94 339
187 523
367 575
341 590
78 90
218 403
30 351
67 570
36 276
157 163
10 301
113 524
27 511
365 417
268 414
367 529
80 217
49 548
59 349
335 361
235 403
20 86
185 265
176 240
71 160
416 579
131 346
390 509
422 567
178 401
74 123
218 536
119 301
376 556
329 405
243 332
198 272
8 291
178 529
182 583
65 86
84 241
366 368
87 117
5 475
35 108
11 492
116 509
159 410
301 513
156 550
326 550
99 448
322 479
139 215
191 214
345 431
56 339
183 386
140 463
54 275
171 286
41 540
222 355
133 188
13 263
44 300
166 541
89 226
333 580
111 357
390 474
391 557
348 466
506 511
170 589
346 363
262 434
216 230
143 269
37 473
39 451
333 415
327 503
477 578
253 368
132 222
374 427
169 231
468 540
61 219
34 186
413 504
123 340
210 487
6 142
64 486
14 298
82 217
81 125
144 577
347 423
37 564
280 527
165 392
59 584
63 228
255 440
254 382
164 287
435 531
32 290
43 295
34 395
50 153
79 109
272 389
185 310
67 231
280 427
3 508
316 556
306 451
503 556
175 375
442 467
229 575
249 548
311 577
286 476
373 382
235 375
96 207
256 554
150 163
103 157
414 587
248 465
258 354
29 557
129 450
202 588
322 332
368 561
226 351
99 423
290 339
281 352
94 442
175 318
147 480
4 518
159 215
68 578
428 485
232 331
119 527
525 533
327 556
516 596
60 389
398 584
35 360
191 350
180 597
31 361
94 290
107 538
29 233
181 336
18 44
294 529
304 322
142 390
339 473
67 498
193 574
208 278
425 564
187 476
65 256
365 389
340 472
267 508
36 391
498 570
152 177
125 388
334 517
333 516
148 533
103 469
494 589
8 17
155 493
276 399
6 563
229 335
425 442
172 300
174 445
378 393
179 212
123 129
29 328
296 508
154 510
126 452
335 367
278 492
239 511
70 171
77 315
106 336
473 511
38 432
141 448
151 288
447 589
502 516
124 367
201 489
343 474
95 186
72 466
15 591
454 572
92 490
261 554
287 473
38 180
110 543
35 426
354 385
158 434
290 416
75 98
42 560
553 573
300 388
444 592
28 329
0 383
347 363
309 464
286 571
317 551
376 565
77 78
196 297
334 384
471 595
206 355
85 174
274 551
267 296
219 238
155 204
251 253
161 426
17 314
106 447
302 356
72 348
119 221
457 465
204 493
205 392
127 357
283 298
298 326
138 394
123 450
308 596
121 200
118 588
401 529
18 456
19 224
226 370
318 375
151 194
541 562
404 521
77 523
418 524
26 224
153 393
459 515
26 80
427 457
8 314
404 478
316 350
41 295
303 446
310 380
219 273
87 264
83 242
219 520
172 344
427 441
285 532
261 371
36 182
355 497
5 445
146 383
195 520
259 302
400 444
276 289
125 336
95 388
110 524
2 80
177 351
123 370
58 109
18 73
210 483
347 404
66 591
45 203
377 381
149 581
321 454
122 192
545 560
254 285
203 516
419 568
305 562
115 510
32 212
387 496
194 276
282 564
108 569
7 74
22 189
205 563
212 399
92 206
74 349
39 306
45 333
157 386
32 180
70 571
239 433
66 145
2 510
20 256
175 292
314 582
28 165
57 68
394 596
53 408
9 423
126 530
162 362
435 514
46 267
41 446
499 571
185 335
37 287
133 555
273 520
216 418
189 383
295 540
19 125
42 206
246 319
86 331
309 389
240 570
42 482
92 222
14 582
446 549
99 498
495 579
130 411
5 378
354 494
241 484
302 44 226 363 263 493 26 498 294 311 360 469 394 545 257 536 336 460 196 573 197 207 594 145 380 491 459 417 238 414 12 598 64 159 406 454 515 167 384 282 196 285 527 474 35 555 421 12 228 474 467 543 269 169 305 85 291 391 431 313 274 121 489 139 537 448 20 191 461 493 166 575 233 138 232 117 390 26 369 498 31 394 425 40 551 398 270 26 585 180 587 487 152 64 122 112 419 429 540 432 66 171 556 218 108 270 22 371 444 70 411 588 37 402 426 544 527 524 220 453 458 419 241 216 258 382 518 572 227 169 317 213 238 343 102 330 125 421 514 196 481 285 57 77 248 64 384 192 98 297 35 556 435 155 416 270 203 101 393 571 479 201 265 340 200 54 50 450 102 273 565 330 560 78 43 26 500 274 566 306 249 552 10 382 462 228 466 390 327 1 520 186 403 152 548 563 79 443 65 23 178 219 501 154 373 80 583 74 150 159 588 195 326 569 244 458 491 446 554 102 483 33 189 88 172 102 18 127 291 538 69 3 158 376 405 196 177 235 111 502 148 24 48 428 201 586 210 177 170 18 381 37 70 210 433 385 233 519 126 542 129 23 338 584 195 316 170 465 229 265 552 61 221 398 94 391 453 511 453 445 294 487 238 588 222 592 374 422 415 530 562 105 232 283 470 53 36 48 8 98 321 454 172 112 318 100 588 238 195 174 515 566 292 110 201 350 415 223 24 561 576 557 497 328 26 253 236 389 276 44 461 570 55 541 524 12 30 597 461 293 485 222 127 510 492 594 208 37 125 46 587 163 470 197 9 208 109 211 80 178 276 317 81 368 445 529 31 100 130 16 61 435 115 240 73 97 539 220 5 529 116 487 407 577 578 149 316 24 355 101 466 580 47 426 462 438 366 193 55 52 520 412 75 483 396 428 102 528 234 512 290 87 349 17 349 552 5 134 542 58 246 154 28 249 4 2 509 458 132 510 61 487 400 357 193 268 253 429 238 561 162 324 290 390 289 253 100 53 251 200 539 508 336 547 411 154 211 172 225 208 233 390 255 49 175 595 61 36 380 451 153 431 324 370 486 498 235 336 352 100 379 555 113 96 514 196 384 95 439 581 81 564 372 309 227 31 3 455 117 2 271 467 455 180 462 119 563 255 228 231 449 386 61 529 264 180 221 210 100 275 190 17 406 427 382 499 583 461 310 459 106 60 3 222 301 558 374 215 432 200 454 70 556 464 58 493 504 492 264 279 181 30 577 132 375 211 71 414 517 230 189 344 557 179 221 208 330 414 88 334 16 24 262 126 326 368 496 133 179 538 504 472 284 55 47 174 55 287 145 399 121 399 250 155 552 204 473 599 256 373
421 67
258 363
662 698
840 405
774 494
934 99
787 235
81 59
911 722
590 609
217 884
744 349
771 192
835 704
926 778
856 938
308 37
907 685
658 367
607 547
19 595
813 482
489 11
289 633
320 759
516 537
647 652
419 769
685 299
879 786
282 150
763 158
606 863
376 304
750 614
741 0
767 778
488 718
624 921
490 408
44 953
75 201
220 754
74 262
680 422
965 629
852 540
820 813
306 495
301 682
973 33
627 153
390 857
120 139
319 417
905 299
450 821
309 655
570 302
150 75
175 581
483 292
374 156
870 315
554 973
17 691
870 910
446 559
319 615
114 422
244 304
0 989
286 283
598 395
150 48
373 641
504 504
88 370
41 309
558 244
590 687
682 612
540 699
153 317
805 97
982 265
0 644
354 846
733 719
285 0
40 269
366 937
266 857
235 828
569 783
779 557
59 829
580 273
360 670
478 622
845 108
186 126
434 149
929 881
887 709
811 189
759 660
969 964
802 18
621 278
258 227
661 894
195 694
344 236
856 721
710 672
869 238
414 831
427 963
151 817
633 892
667 25
770 709
212 2
544 15
680 548
344 378
726 940
277 178
190 47
635 179
589 477
372 791
459 987
928 417
357 608
10 130
101 13
920 460
150 639
506 202
510 656
805 258
150 115
287 531
911 916
412 33
18 421
71 457
692 934
922 968
769 929
322 113
918 71
688 717
884 995
945 810
954 911
147 672
65 599
0 952
707 50
0 911
936 944
490 678
693 331
372 880
277 581
23 857
364 569
828 581
211 359
678 509
794 954
987 182
937 286
390 597
312 73
490 67
711 842
583 938
684 649
793 744
984 864
562 380
695 96
755 574
105 396
435 1000
431 7
778 430
181 398
789 673
964 230
818 874
446 412
490 476
459 649
182 611
493 963
624 5
228 193
321 981
918 587
934 993
715 312
263 822
60 874
720 428
502 597
473 893
458 704
654 847
32 33
124 464
75 632
388 231
617 700
876 169
442 311
186 896
103 841
329 857
815 971
625 625
846 481
277 71
445 850
836 327
636 118
431 222
399 523
55 760
896 808
631 328
912 193
703 493
49 520
421 279
377 758
412 634
820 48
84 305
364 43
45 559
884 736
484 364
258 272
90 977
235 690
456 240
294 951
590 164
256 970
62 787
980 349
48 669
398 386
912 643
37 95
419 570
99 685
160 713
821 661
342 894
747 85
663 467
860 512
323 350
76 94
974 469
854 285
220 570
430 354
686 197
331 452
740 838
239 610
766 387
616 453
130 886
275 703
542 765
987 664
69 426
104 757
173 337
419 712
752 895
769 869
540 827
937 747
957 330
337 927
577 27
27 227
886 459
445 446
993 730
539 288
724 460
192 852
30 153
131 252
433 100
446 943
514 441
888 23
984 501
180 486
734 129
236 533
412 682
159 279
944 694
53 366
207 433
729 191
908 269
470 320
48 487
639 434
354 105
225 934
266 326
491 97
973 783
243 463
857 858
672 256
556 345
6 721
382 67
974 593
812 398
668 84
727 592
145 610
689 585
523 786
185 0
173 181
292 464
811 311
648 539
3 490
552 490
542 547
324 288
126 94
167 425
255 125
296 734
822 430
869 631
296 825
55 118
728 873
594 805
30 928
710 20
705 146
32 888
565 514
314 216
127 553
229 967
622 35
268 939
493 802
245 11
115 717
981 394
155 750
189 986
910 238
228 400
15 769
986 138
717 78
765 118
2 817
149 778
448 47
854 375
852 673
993 901
20 364
724 546
153 564
831 239
786 814
750 290
998 80
934 508
786 594
2 166
3 90
238 97
701 785
336 321
514 44
634 975
850 148
486 532
714 254
996 10
323 7
99 160
805 149
106 625
655 141
181 525
656 305
291 389
995 611
501 836
120 493
355 269
481 126
481 154
883 81
558 850
557 605
374 459
579 757
745 38
139 941
534 226
381 428
1000 374
19 454
605 976
346 729
189 646
558 146
514 165
544 461
851 978
222 999
956 370
160 917
622 776
417 435
404 342
934 164
117 198
831 634
537 663
331 690
224 49
525 401
354 424
96 783
629 401
33 62
604 345
153 996
36 728
885 403
271 905
432 185
842 756
473 181
196 460
102 947
285 362
655 803
5 246
883 866
945 29
519 328
132 27
483 752
790 288
967 108
124 359
346 539
529 605
336 188
40 405
390 133
248 744
523 933
778 81
511 243
517 976
481 859
653 498
211 146
235 907
391 270
714 374
882 961
872 569
548 891
11 392
293 793
470 578
193 269
676 161
857 63
896 527
219 485
641 240
877 113
446 782
7 12
845 451
880 265
710 700
442 746
768 525
201 819
555 198
907 347
971 552
871 352
805 521
34 991
443 384
454 496
2 334
68 393
307 255
96 472
388 709
156 859
203 238
574 58
371 377
575 116
78 737
81 534
26 636
675 767
843 181
685 367
985 934
90 905
30 191
439 911
656 952
223 267
600 649
178 797
554 418
215 327
268 655
145 170
945 842
705 218
908 557
114 295
75 659
492 990
244 428
836 790
655 216
286 984
195 772
296 916
395 917
777 261
522 727
159 363
636 746
573 879
454 127
851 5
442 607
194 304
609 422
101 257
986 298
588 89
481 439
258 498
311 547
520 891
998 533
677 997
951 722
717 759
181 91
860 208
70 29
258 393
385 985
802 621
179 208
830 916
404 314
788 326
344 507
515 271
955 525
585 999
941 192
313 584
