100
837 81
540 8
642 34
958 86
808 71
1000 97
728 33
508 54
816 86
2 36
551 71
397 40
2 97
755 11
1000 98
744 3
758 85
140 74
712 1
2 3
3 10
918 38
2 99
793 69
355 11
950 71
95 37
93 3
838 46
1000 95
656 95
289 65
758 81
684 94
978 10
1000 99
124 68
912 68
580 93
494 92
824 54
30 46
744 91
2 1
2 50
13 37
239 20
289 48
120 75
2 95
1000 4
177 61
2 5
1000 96
226 22
908 56
2 98
1000 3
885 57
875 93
67 45
103 5
965 51
801 16
2 4
871 75
1000 1
387 98
930 46
582 60
924 39
1000 5
2 96
492 78
398 61
439 40
320 75
892 10
424 35
906 56
633 94
451 5
277 79
616 91
598 42
270 26
981 68
452 71
555 27
1000 2
865 23
81 39
635 54
2 2
894 97
440 28
915 30
537 11
950 95
500 44
